1 11.006 -1.864
2 10.047 -0.77
3 9.299 0.835
4 9.87 0.769
5 10.466 2.916
6 10.131 -0.821
7 11.467 1.567
8 10.505 -0.426
9 9.474 0.346
10 10.701 -0.401
11 9.577 0.232
12 11.502 -0.282
13 13.17 1.828
14 11.176 2.6
15 12.96 0.095
16 8.854 -0.387
17 10.292 -1.104
18 10.325 0.114
19 7.468 0.425
20 12.806 2.259
21 9.438 1.049
22 10.309 0.361
23 10.658 0.011
24 8.873 -0.213
25 10.113 -1.145
26 9.375 -0.725
27 9.514 1.576
28 11.324 0.962
29 9.117 0.039
30 11.093 -1.025
31 9.902 -1.133
32 10.668 2.349
33 6.529 -0.63
34 6.383 -3.198
35 12.211 0.695
36 11.031 0.074
37 8.742 -0.211
38 11.382 -2.544
39 12.191 0.214
40 9.309 -0.163
41 9.72 0.764
42 11.194 0.895
43 9.22 -0.158
44 11.718 0.426
45 12.422 0.793
46 9.991 1.417
47 9.864 0.262
48 10.784 0.816
49 8.219 -0.635
50 11.144 1.361
51 10.524 0.631
52 10.646 1.466
53 12.181 0.787
54 11.069 -0.027
55 11.302 -0.424
56 9.985 0.205
57 11.03 -0.185
58 11.585 0.546
59 9.497 -1.629
60 13.49 0.418
61 9.862 0.496
62 10.352 -0.179
63 8.481 -0.77
64 9.633 2.069
65 8.45 -1.155
66 8.997 0.052
67 11.451 -0.247
68 9.292 0.163
69 10.661 1.157
70 9.74 1.971
71 8.954 -0.49
72 10.964 -1.025
73 9.96 -0.416
74 11.046 0.259
75 10.322 2.188
76 10.064 -0.512
77 9.66 1.891
78 12.108 1.338
79 10.038 -0.165
80 7.845 -1.427
81 9.241 -2.605
82 8.72 -0.288
83 8.096 -1.577
84 11.614 0.349
85 9.824 0.213
86 8.739 -0.901
87 10.509 -0.88
88 11.749 1.694
89 10.798 -2.104
90 8.411 -2.254
91 9.179 -0.817
92 10.144 -1.493
93 9.562 1.072
94 9.931 -1.594
95 11.407 2.422
96 8.244 1.453
97 10.509 2.191
98 11.339 0.549
99 8.292 -1.67
100 7.598 -1.566
101 9.979 1.065
102 11.103 2.171
103 10.303 -1.519
104 11.375 -0.092
105 8.107 -1.698
106 9.068 -1.274
107 11.103 -0.721
108 9.412 -0.33
109 12.201 0.874
110 11.481 1.018
111 7.234 -0.592
112 10.512 1.215
113 12.426 2.169
114 8.568 -0.603
115 6.91 -1.216
116 10.231 -0.444
117 12.563 3.258
118 9.708 -0.646
119 10.507 0.204
120 8.597 -1.18
121 9.71 -0.894
122 8.269 0.611
123 8.63 -0.326
124 8.813 -0.354
125 11.776 0.823
126 12.153 0.27
127 12.735 0.941
128 9.7 -0.678
129 10.512 0.814
130 9.811 -0.383
131 11.586 2.116
132 11.439 0.045
133 12.141 -0.839
134 10.084 1.518
135 10.206 0.432
136 10.724 0.898
137 11.356 0.898
138 9.951 -0.481
139 10.988 3.086
140 11.477 -0.489
141 9.831 0.26
142 12.592 1.656
143 9.167 0.458
144 9.246 -1.078
145 8.891 -0.312
146 9.92 1.927
147 10.624 -0.812
148 10.758 -1.718
149 8.997 -1.257
150 9.735 0.644
151 10.422 2.093
152 10.819 -0.074
153 8.049 -1.248
154 10.892 1.079
155 10.434 -0.241
156 8.059 1.123
157 8.488 -1.266
158 11.116 0.906
159 11.23 0.769
160 10.216 -0.091
161 7.42 -1.532
162 10.027 1.67
163 9.943 0.22
164 8.496 -1.897
165 8.032 -0.946
166 6.533 -3.128
167 8.765 -0.068
168 8.673 0.345
169 10.939 0.925
170 9.517 -0.313
171 10.911 0.851
172 10.803 -1.072
173 10.508 -0.304
174 7.073 -0.903
175 10.356 1.49
176 9.207 -0.952
177 8.918 -1.543
178 9.904 1.087
179 9.963 0.519
180 12.429 0.589
181 8.074 -2.152
182 10.232 0.342
183 9.578 -0.344
184 10.495 0.151
185 9.062 -0.313
186 9.004 -1.104
187 10.374 -1.961
188 8.793 0.228
189 9.945 1.294
190 10.981 0.912
191 11.007 0.96
192 8.898 0.404
193 9.045 1.367
194 11.509 1.714
195 10.882 1.682
196 10.426 -0.071
197 11.794 0.317
198 10.103 -0.716
199 10.947 0.478
200 12.071 0.618
201 12.179 0.693
202 8.895 0.427
203 6.885 -2.087
204 10.923 -1.373
205 10.783 -0.462
206 8.256 -0.967
207 9.756 -0.747
208 11.593 0.896
209 10.587 1.099
210 11.513 0.789
211 11.963 -0.63
212 9.024 0.91
213 9.849 -2.159
214 8.409 -0.931
215 10.498 0.159
216 9.096 -0.658
217 10.69 -0.097
218 9.366 -1.59
219 9.531 -1.236
220 7.764 -2.318
221 9.966 -2.274
222 8.981 0.036
223 9.888 -0.5
224 10.623 0.355
225 9.932 -0.693
226 11.201 1.617
227 10.008 -1.629
228 11.144 0.018
229 9.665 -0.265
230 7.074 -1.271
231 9.884 -0.113
232 9.74 1.056
233 11.413 0.062
234 9.362 -0.855
235 10.727 -0.081
236 8.237 -0.479
237 9.896 1.301
238 11.111 2.212
239 9.268 -1.807
240 10.674 -0.037
241 12.07 0.056
242 8.606 -0.995
243 10.09 0.155
244 14.499 2.566
245 9.268 -0.983
246 9.327 -0.734
247 11.475 1.018
248 8.995 -0.041
249 11.484 2.494
250 9.512 -0.177
251 12.494 2.394
252 10.588 -0.09
253 10.229 0.033
254 11.805 -0.739
255 8.645 -2.703
256 8.743 1.046
257 9.782 -0.445
258 10.752 0.339
259 9.14 -0.434
260 10.888 1.855
261 9.948 0.266
262 8.625 -0.823
263 10.431 0.084
264 14.471 1.316
265 11.048 1.621
266 8.882 -1.942
267 10.87 -0.216
268 10.24 0.81
269 11.212 1.482
270 10.374 0.911
271 10.802 1.113
272 9.723 -0.148
273 9.517 0.679
274 9.674 -0.686
275 10.852 0.785
276 9.15 -0.285
277 11.221 0.991
278 10.915 -0.002
279 8.784 0.579
280 9.652 0.476
281 8.654 -0.906
282 9.929 0.946
283 10.081 -0.79
284 11.139 -0.516
285 10.102 1.498
286 10.648 1.671
287 10.245 0.586
288 7.25 -0.331
289 12.488 0.442
290 7.815 0.643
291 11.321 -0.03
292 10.087 1.759
293 9.216 0.775
294 8.925 -0.549
295 7.96 -0.415
296 10.869 0.251
297 11.27 -0.238
298 11.309 0.637
299 10.931 -0.141
300 9.892 0.397
301 6.901 -3.821
302 10.207 0.047
303 11.441 0.195
304 13.681 0.741
305 11.988 0.123
306 8.214 -2.03
307 9.333 1.899
308 10.841 -0.541
309 13.77 2.94
310 9.187 1.675
311 9.933 2.175
312 7.257 -2.174
313 10.121 0.661
314 10.961 0.197
315 9.54 0.539
316 10.759 0.425
317 11.684 1.549
318 11.067 2.561
319 8.96 -1.502
320 11.401 -0.24
321 10.412 1.022
322 11.72 0.434
323 10.509 0.061
324 12.019 0.472
325 10.617 0.133
326 9.174 -1.951
327 11.726 -2.146
328 10.016 -0.492
329 10.931 0.821
330 12.14 -0.904
331 12.531 1.589
332 10.143 -0.077
333 10.143 0.423
334 9.368 0.358
335 11.173 -1.347
336 12.818 0.921
337 11.273 0.67
338 9.338 -1.676
339 8.876 -3.159
340 10.85 -1.426
341 8.355 -1.118
342 10.422 1.301
343 11.769 0.344
344 11.897 2.666
345 10.903 1.355
346 7.956 -0.655
347 9.209 0.712
348 8.377 0.845
349 8.08 -1.288
350 11.304 3.196
351 13.016 0.625
352 7.04 -3.707
353 7.845 -1.157
354 12.456 0.538
355 8.057 -3.508
356 9.693 1.46
357 8.993 -0.869
358 10.894 0.542
359 10.931 0.436
360 10.775 -1.211
361 9.054 -0.49
362 9.341 1.065
363 12 0.8
364 8.96 1.861
365 9.87 -0.396
366 8.34 -0.886
367 9.455 -0.808
368 9.507 2.999
369 8.827 -1.249
370 9.968 -0.183
371 9.946 0.027
372 8.758 -0.22
373 8.429 0.048
374 8.87 -1.415
375 11.805 0.864
376 8.266 -0.606
377 9.698 0.046
378 9.372 0.783
379 9.302 0.435
380 9.934 -0.013
381 7.922 -0.847
382 10.388 0.844
383 11.97 2.052
384 10.088 -0.478
385 9.689 0.197
386 9.279 -0.077
387 9.456 -0.239
388 8.05 0.383
389 12.584 1.881
390 7.47 -1.992
391 8.374 -1.282
392 11.619 -0.593
393 10.837 0.636
394 10.206 -0.569
395 12.813 0.409
396 10.026 2.134
397 11.344 1.287
398 9.577 -1.035
399 11.087 -0.516
400 11.642 -0.761
401 6.375 -3.152
402 11.274 -0.405
403 11.993 0.897
404 7.535 -1.751
405 10.081 0.993
406 11.23 -0.623
407 9.866 0.412
408 12.034 2.529
409 10.911 -1.256
410 8.657 -0.919
411 8.613 1.534
412 9.965 -0.011
413 10.672 2.525
414 8.297 -0.215
415 9.889 -0.883
416 8.623 -2.641
417 10.674 0.944
418 11.785 0.818
419 6.852 -2.136
420 9.094 -0.101
421 10.726 1.43
422 6.961 -2.619
423 10.138 0.706
424 9.942 -1.572
425 10.294 2.004
426 11.438 2.056
427 11.067 0.665
428 11.416 -1.236
429 10.554 -1.761
430 7.979 0.52
431 9.943 0.781
432 10.972 1.543
433 7.674 -1.591
434 10.744 -1.474
435 8.388 -2.516
436 8.907 -0.209
437 11.073 0.686
438 9.956 0.499
439 9.307 0.042
440 8.191 -1.503
441 7.495 -2.435
442 8.681 -1.182
443 8.096 -2.067
444 12.208 0.882
445 10.113 1.92
446 11.62 0.237
447 11.295 0.84
448 11.828 1.757
449 9.394 -0.205
450 9.326 -0.43
451 8.894 0.261
452 10.094 -1.643
453 10.755 1.503
454 9.402 -1.805
455 12.229 0.987
456 8.406 -1.434
457 14.209 0.836
458 12.085 0.43
459 11.56 -1.033
460 10.771 0.557
461 6.831 -1.384
462 11.718 1.721
463 8.033 -0.524
464 7.815 -0.252
465 11.131 -1.414
466 11.166 2.2
467 9.947 -0.842
468 8.481 -1.92
469 7.794 -0.523
470 11.288 1.109
471 11.196 0.122
472 12.02 0.357
473 10.145 1.302
474 9.685 -0.393
475 7.77 -0.963
476 11.423 1.309
477 9.495 -1.46
478 8.517 -0.974
479 9.552 0.915
480 10.465 0.746
481 9.091 1.798
482 12.647 0.745
483 8.078 0.829
484 9.214 0.771
485 11.508 0.001
486 12.756 0.46
487 8.723 -0.159
488 8.185 0.59
489 10.065 1.532
490 10.319 -1.053
491 9.254 0.63
492 6.179 -0.983
493 9.326 0.357
494 10.922 -0.155
495 11.406 0.176
496 12.871 1.896
497 8.642 0.778
498 10.148 -0.741
499 9.187 -1.441
500 9.446 -0.33
501 8.96 0.858
502 10.805 0.735
503 11.015 1.165
504 10.909 1.394
505 12.205 -1.224
506 8.12 -1.161
507 10.074 -1.965
508 8.498 0.669
509 7.679 -2.598
510 12.063 1.167
511 9.784 0.727
512 10.535 0.563
513 13.414 1.527
514 12.911 1.41
515 8.136 1.114
516 10.444 0.129
517 9.039 -0.77
518 10.866 1.455
519 9.608 -0.482
520 11.059 0.368
521 12.683 0.463
522 9.651 -0.269
523 8.718 -1.052
524 7.011 -0.147
525 8.511 0.621
526 12.404 1.652
527 11.002 0.863
528 10.931 1.43
529 10.764 0.809
530 8.785 -2.264
531 9.913 -2.449
532 9.473 -1.019
533 10.018 -2.191
534 11.037 -0.63
535 10.65 0.405
536 9.93 0.648
537 10.501 0.94
538 8.485 -0.227
539 10.423 0.778
540 12.715 1.664
541 9.632 -0.871
542 11.236 -1.196
543 9.01 -0.107
544 10.405 0.002
545 11.59 1.795
546 7.86 -0.761
547 8.859 -2.183
548 12.062 1.488
549 10.069 2.166
550 10.114 1.609
551 10.373 0.95
552 11.437 -1.884
553 10.851 1.034
554 11.365 0.331
555 9.764 -0.594
556 8.941 0.626
557 12.786 1.456
558 13.179 1.656
559 11.378 -1.201
560 12.494 0.499
561 9.752 0.771
562 9.068 -1.689
563 8.462 -1.641
564 10.093 -0.183
565 8.451 -0.796
566 10.531 -0.589
567 7.086 -0.554
568 10.742 -1.746
569 9.468 2.125
570 11.599 0.573
571 12.097 1.197
572 9.149 -0.006
573 10.794 0.248
574 9.183 0.605
575 8.406 -0.694
576 10.027 0.602
577 8.79 -1.538
578 10.808 1.611
579 8.35 1.011
580 10.438 0.794
581 10.193 0.057
582 10.834 -0.309
583 9.398 0.241
584 11.976 2.678
585 9.347 1.676
586 11.826 2.558
587 10.125 1.043
588 8.657 0.569
589 10.448 0.483
590 10.04 1.615
591 8.054 0.153
592 10.645 1.103
593 10.723 -0.072
594 10.595 0.741
595 7.339 -1.858
596 12.388 0.002
597 11.845 1.723
598 7.735 1.053
599 10.073 -0.727
600 9.589 1.479
601 10.746 -1.117
602 9.866 -0.291
603 9.803 0.066
604 8.21 -1.185
605 8.131 0.812
606 11.562 0.659
607 9.544 -0.601
608 9.448 -0.468
609 9.626 -1.93
610 7.948 -2.664
611 11.828 2.563
612 8.385 -1.335
613 11.707 -1.08
614 9.353 -0.363
615 10.417 -0.872
616 9.355 0.016
617 11.086 -0.584
618 10.139 -1.347
619 12.284 1.01
620 9.857 -0.624
621 8.394 -0.877
622 10.95 -1.783
623 12.676 1.527
624 11.328 -1.354
625 10.715 -0.994
626 9.507 0.669
627 11.354 0.117
628 11.686 -0.243
629 7.052 -2.723
630 9.164 0.214
631 12.408 1.964
632 8.884 -0.3
633 8.378 -1.174
634 9.983 -0.589
635 11.655 -2.594
636 11.644 -0.158
637 8.39 -0.586
638 11.065 -0.407
639 13.03 0.765
640 9.796 0.84
641 11.729 1.64
642 9.562 0.061
643 9.392 -1.56
644 8.698 2.644
645 6.284 -1.818
646 7.526 -0.577
647 10.18 0.785
648 7.244 -1.334
649 9.956 -0.069
650 9.752 0.154
651 11.166 -2.159
652 11.202 0.71
653 9.803 -0.079
654 11.072 0.054
655 11.01 1.347
656 9.354 1.076
657 9.94 -0.499
658 10.315 0.362
659 9.936 -1.998
660 9.496 0.009
661 8.713 -0.794
662 8.02 -0.856
663 12.32 1.132
664 8.588 -1.375
665 8.741 -1.543
666 10.249 -1.926
667 7.395 -1.616
668 8.649 -0.493
669 9.116 -2.001
670 7.523 1.022
671 10.643 1.707
672 7.466 -1.468
673 8.836 -0.077
674 9.345 0.03
675 12.194 0.624
676 8.022 -1.267
677 8.49 1.305
678 8.941 -2.368
679 7.791 -1.424
680 8.946 0.16
681 9.289 -1.885
682 10.612 0.231
683 9.146 0.534
684 9.867 -0.902
685 10.833 0.482
686 8.801 -0.588
687 10.995 1.818
688 11.358 -0.48
689 10.355 -0.4
690 11.957 1.621
691 10.639 -0.45
692 8.627 0.231
693 9.055 -0.231
694 6.415 -1.64
695 8.081 0.698
696 10.865 -0.466
697 10.083 0.44
698 10.693 -0.154
699 8.86 -0.9
700 9.615 -0.834
701 11.349 0.417
702 9.831 -1.358
703 9.066 0.599
704 9.879 0.141
705 10.391 1.284
706 9.053 -1.322
707 11.317 1.617
708 8.136 -0.839
709 11.309 1.163
710 7.967 -1.243
711 9.841 -0.94
712 8.928 -1.209
713 12.71 1.009
714 10.222 1.001
715 9.371 0.129
716 14.195 0.768
717 10.479 -0.464
718 10.189 0.621
719 12.181 0.442
720 8.532 -0.139
721 12.013 1.074
722 9.33 -0.213
723 6.725 -2.665
724 10.501 0.836
725 7.611 -0.663
726 8.976 -0.054
727 7.686 0.396
728 12.388 0.594
729 8.854 -0.512
730 9.193 -2.105
731 10.225 0.767
732 9.152 0.358
733 11.245 0.212
734 10.365 -0.708
735 10.466 2.639
736 9.403 0.533
737 11.039 1.164
738 8.376 -0.807
739 11.715 -1.752
740 9.855 0.343
741 11.287 -0.459
742 11.879 -0.122
743 12.266 1.248
744 10.426 -0.521
745 10.542 -0.666
746 11.476 -2.459
747 6.412 -2.086
748 9.862 -0.09
749 9.359 0.697
750 10.39 0.689
751 12.061 1.906
752 8.027 -1.442
753 6.154 -1.219
754 9.58 -0.861
755 10.285 -0.273
756 8.886 1.961
757 11.873 2.015
758 11.197 -0.684
759 7.415 -0.549
760 11.266 1.252
761 10.355 0.283
762 10.371 -0.626
763 10.341 -0.247
764 11.064 0.549
765 10.493 0.691
766 7.765 -1.399
767 9.94 -0.03
768 10.684 0.789
769 7.402 -1.618
770 10.985 -1.148
771 10.259 -1.053
772 10.556 -0.749
773 7.81 -0.551
774 10.6 1.05
775 9.404 0.523
776 9.248 0.013
777 10.728 -0.644
778 7.239 -1.003
779 11.436 -0.463
780 13.231 0.32
781 7.156 -0.808
782 7.943 -0.014
783 10.918 0.047
784 8.883 0.263
785 9.954 0.406
786 9.527 0.161
787 8.296 -0.331
788 13.281 1.398
789 12.416 1.207
790 9.783 -0.929
791 10.219 0.5
792 8.864 -0.725
793 12.038 -0.128
794 11.637 3.32
795 13.389 2.01
796 10.909 -0.527
797 8.407 0.574
798 9.471 -2.175
799 11.815 -0.304
800 6.785 -1.728
801 9.197 -0.685
802 9.945 -0.581
803 12.267 1.417
804 10.82 -0.451
805 8.415 -0.85
806 8.701 -0.189
807 8.518 1.075
808 10.594 0.91
809 9.078 -0.894
810 9.061 -1.53
811 11.645 1.312
812 5.733 -1.961
813 9.644 -0.33
814 12.094 -0.793
815 7.312 -1.958
816 8.434 -2.378
817 8.961 -1.997
818 8.301 -2.168
819 9.245 -1.39
820 9.776 0.596
821 12.316 -0.29
822 9.681 0.752
823 9.385 -1.266
824 11.405 0.96
825 10.949 -0.325
826 12.374 1.695
827 11.437 0.13
828 11.629 -0.46
829 8.765 0.351
830 11.603 -0.26
831 8.631 -0.768
832 9.824 0.235
833 6.917 -1.14
834 8.946 -0.596
835 11.276 0.856
836 9.197 -1.147
837 11.841 -1.03
838 12.743 1.283
839 10.28 0.078
840 8.57 -0.734
841 10.075 0.164
842 8.737 0.276
843 9.829 -1.514
844 7.546 -1.235
845 12.454 1.258
846 13.03 2.02
847 10.373 1.573
848 10.159 -0.464
849 11.385 0.044
850 12.335 0.35
851 7.137 -0.255
852 11.094 2.263
853 8.594 -0.855
854 9.95 -1.095
855 7.021 -3.125
856 10.879 -0.325
857 9.11 0.705
858 8.869 1.299
859 11.568 -0.132
860 10.515 -1.091
861 11.171 -0.412
862 7.85 0.068
863 6.818 -1.33
864 12.726 0.075
865 8.821 -1.757
866 11.077 0.663
867 11.034 1.303
868 10.288 0.995
869 9.026 -0.673
870 11.625 0.012
871 8.848 -1.782
872 8.599 -1.334
873 5.262 -1.219
874 10.238 0.468
875 11.54 1.926
876 9.132 -1.732
877 9.784 1.113
878 11.915 0.528
879 10.707 1.847
880 9.141 -2.445
881 10.088 -0.548
882 9.874 -0.735
883 10.11 0.17
884 10.458 1.057
885 9.83 1.728
886 10.18 0.188
887 9.191 -2.245
888 10.675 -0.508
889 10.112 -1.032
890 9.565 -0.58
891 9.404 -0.927
892 8.303 1.395
893 8.994 0.33
894 10.022 1.908
895 10.85 -0.267
896 10.201 -0.995
897 12.299 0.235
898 9.699 1.316
899 9.434 -0.484
900 10.899 0.504
901 8.906 -1.478
902 7.517 -1.306
903 9.716 0.144
904 9.548 0.594
905 9.829 1.706
906 8.015 2.271
907 9.121 -2.401
908 12.984 1.574
909 10.114 2.877
910 8.752 -1.359
911 9.122 -0.915
912 8.254 -0.125
913 13.046 -0.196
914 9.519 -2.525
915 10.258 -0.049
916 10.895 -0.283
917 8.104 -0.817
918 9.61 1.318
919 7.059 0.222
920 9.091 -0.744
921 10.456 0.964
922 11.993 0.904
923 8.756 -0.292
924 9.32 -0.404
925 9.893 -0.171
926 9.136 0.943
927 11.831 1.617
928 12.551 -0.378
929 10.081 -0.819
930 9.447 1.191
931 9.411 -0.927
932 8.287 -2.963
933 8.614 0.284
934 9.406 -1.492
935 9.804 -0.713
936 9.881 -1.016
937 9.866 1.207
938 9.834 0.897
939 10.519 -0.328
940 10.058 0.304
941 10.665 -0.551
942 7.394 -0.608
943 9.735 -0.486
944 10.629 0.486
945 11.273 -0.29
946 11.065 1.077
947 9.672 0.837
948 10.8 0.193
949 10.218 -1.762
950 9.272 0.483
951 9.134 -1.561
952 9.906 0.025
953 9.557 -0.544
954 11.168 1.974
955 9.437 -0.96
956 11.695 0.553
957 10.857 -0.156
958 11.05 0.775
959 9.763 -0.956
960 8.531 -0.122
961 10.523 0.112
962 8.704 -1.827
963 8.004 -1.232
964 8.885 0.18
965 8.206 -0.037
966 8.788 -2.507
967 7.804 -0.384
968 11.044 -0.786
969 9.319 -0.716
970 10.726 0.523
971 8.91 -0.355
972 9.494 -2.247
973 9.451 -0.941
974 9.116 0.903
975 8.304 -1.163
976 10.456 -0.264
977 9.284 -2.823
978 9.549 -0.781
979 9.497 -1.214
980 9.491 0.831
981 11.451 2.796
982 7.69 -0.901
983 10.25 1.085
984 8.522 1.42
985 11.188 1.319
986 10.163 -2.125
987 10.436 -2.435
988 7.78 -1.09
989 9.892 1.515
990 10.115 1.533
991 9.465 -1.834
992 11.557 0.434
993 7.896 -1.691
994 11.033 0.742
995 11.466 -0.841
996 11.233 0.59
997 9.905 0.055
998 12.817 -0.445
999 9.252 1.03
1000 7.735 0.475
